# -*- coding: utf-8 -*-
"""
Created on Thu Nov 22 12:05:05 2018

@author: Akitaka
"""

runfile('C:/Users/Akitaka/Downloads/python/1122/Tc_9model.py', wdir='C:/Users/Akitaka/Downloads/python/1122')
Reloaded modules: my_library
0.00 seconds 
kNN             
KNeighborsRegressor(algorithm='auto', leaf_size=30, metric='minkowski',
          metric_params=None, n_jobs=1, n_neighbors=5, p=2,
          weights='uniform')
{'n_neighbors': array([ 1,  2,  3,  4,  5,  6,  7,  8,  9, 10])}
Tc_kNN.csv

read train & pred data from csv file


Best parameters set found on development set:
{'n_neighbors': 1}
C:  RMSE, MAE, R^2 =  7.742,  3.603,  0.981
CV: RMSE, MAE, R^2 = 33.308, 20.604,  0.642
TST:RMSE, MAE, R^2 = 21.776, 14.719,  0.887

Predicted Tc is written in file Tc_kNN.csv

Double Cross Validation
In 10 iterations, average +/- standard deviation
DCV:RMSE, MAE, R^2 = 30.023, 17.346,  0.726 (ave)
DCV:RMSE, MAE, R^2 =  2.561,  1.744,  0.046 (std)

y-randomization
In 10 iterations, average +/- standard deviation
rnd:RMSE, MAE, R^2 = 54.441, 40.528,  0.107 (ave)
rnd:RMSE, MAE, R^2 =  0.726,  0.566,  0.024 (std)
35.42 seconds 

formula,P,Tc,AD
CdH10,400,310,[1. 1. 1. 1. 1. 1. 1. 1. 1. 1.]
CdH10,450,310,[1. 1. 1. 1. 1. 1. 1. 1. 1. 1.]
CdH10,500,310,[1. 1. 1. 1. 1. 1. 1. 1. 1. 1.]
AsH10,450,310,[1. 1. 1. 1. 1. 1. 1. 1. 1. 1.]
AsH10,500,310,[1. 1. 1. 1. 1. 1. 1. 1. 1. 1.]
AsH10,400,310,[1. 1. 1. 1. 1. 1. 1. 1. 1. 1.]
AsH10,350,310,[1. 1. 1. 1. 1. 1. 1. 1. 1. 1.]
TeH9 ,500,310,[1. 1. 1. 1. 1. 1. 1. 1. 1. 1.]
TeH9 ,450,310,[1. 1. 1. 1. 1. 1. 1. 1. 1. 1.]
TeH10,450,310,[1. 1. 1. 1. 1. 1. 1. 1. 1. 1.]
TeH10,500,310,[1. 1. 1. 1. 1. 1. 1. 1. 1. 1.]
SnH9 ,500,310,[1. 1. 1. 1. 1. 1. 1. 1. 1. 1.]
SnH9 ,450,310,[1. 1. 1. 1. 1. 1. 1. 1. 1. 1.]
SnH9 ,400,310,[1. 1. 1. 1. 1. 1. 1. 1. 1. 1.]
SnH10,500,310,[1. 1. 1. 1. 1. 1. 1. 1. 1. 1.]
SnH10,450,310,[1. 1. 1. 1. 1. 1. 1. 1. 1. 1.]
SnH10,400,310,[1. 1. 1. 1. 1. 1. 1. 1. 1. 1.]
 YH9  ,  194,      150,        ,           , 0.10,      267.2,  https://doi.org/10.1103/PhysRevLett.119.107001
 YH9  ,  194,      150,        ,           , 0.13,      253.2,  https://doi.org/10.1103/PhysRevLett.119.107001
 YH10 ,  225,      400,        ,           , 0.10,      310.2,  https://doi.org/10.1103/PhysRevLett.119.107001
 YH10 ,  225,      400,        ,           , 0.13,      287.2,  https://doi.org/10.1103/PhysRevLett.119.107001
 YH10 ,  229,      250,    2.58,       1282, 0.10,        265,  https://doi.org/10.1073/pnas.1704505114
 YH10 ,  229,      250,    2.58,       1282, 0.13,        244,  https://doi.org/10.1073/pnas.1704505114
 YH10 ,  229,      300,    2.06,       1511, 0.10,        255,  https://doi.org/10.1073/pnas.1704505114
 YH10 ,  229,      300,    2.06,       1511, 0.13,        233,  https://doi.org/10.1073/pnas.1704505114
 YH9 ,350,310,[1. 1. 1. 1. 1. 1. 1. 1. 1. 1.]
 YH9 ,400,310,[1. 1. 1. 1. 1. 1. 1. 1. 1. 1.]
 YH9 ,450,310,[1. 1. 1. 1. 1. 1. 1. 1. 1. 1.]
 YH10,350,310,[1. 1. 1. 1. 1. 1. 1. 1. 1. 1.]
 YH10,400,310,[1. 1. 1. 1. 1. 1. 1. 1. 1. 1.]
 YH10,450,310,[1. 1. 1. 1. 1. 1. 1. 1. 1. 1.]
 YH10,500,310,[1. 1. 1. 1. 1. 1. 1. 1. 1. 1.]
CuH10,350,310,[1. 1. 1. 1. 1. 1. 1. 1. 1. 1.]
CuH10,400,310,[1. 1. 1. 1. 1. 1. 1. 1. 1. 1.]
CuH10,450,310,[1. 1. 1. 1. 1. 1. 1. 1. 1. 1.]
CuH10,500,310,[1. 1. 1. 1. 1. 1. 1. 1. 1. 1.]
GeH10,350,310,[1. 1. 1. 1. 1. 1. 1. 1. 1. 1.]
GeH10,400,310,[1. 1. 1. 1. 1. 1. 1. 1. 1. 1.]
GeH10,450,310,[1. 1. 1. 1. 1. 1. 1. 1. 1. 1.]
GeH10,500,310,[1. 1. 1. 1. 1. 1. 1. 1. 1. 1.]
AgH9 ,500,310,[1. 1. 1. 1. 1. 1. 1. 1. 1. 1.]
AgH9 ,450,310,[1. 1. 1. 1. 1. 1. 1. 1. 1. 1.]
AgH9 ,400,310,[1. 1. 1. 1. 1. 1. 1. 1. 1. 1.]
AgH9 ,350,310,[1. 1. 1. 1. 1. 1. 1. 1. 1. 1.]
AgH10,400,310,[1. 1. 1. 1. 1. 1. 1. 1. 1. 1.]
AgH10,450,310,[1. 1. 1. 1. 1. 1. 1. 1. 1. 1.]
AgH10,500,310,[1. 1. 1. 1. 1. 1. 1. 1. 1. 1.]
AgH10,350,310,[1. 1. 1. 1. 1. 1. 1. 1. 1. 1.]
TcH9 ,350,310,[1. 1. 1. 1. 1. 1. 1. 1. 1. 1.]
TcH9 ,400,310,[1. 1. 1. 1. 1. 1. 1. 1. 1. 1.]
TcH9 ,450,310,[1. 1. 1. 1. 1. 1. 1. 1. 1. 1.]
TcH9 ,500,310,[1. 1. 1. 1. 1. 1. 1. 1. 1. 1.]
TcH10,350,310,[1. 1. 1. 1. 1. 1. 1. 1. 1. 1.]
TcH10,400,310,[1. 1. 1. 1. 1. 1. 1. 1. 1. 1.]
TcH10,450,310,[1. 1. 1. 1. 1. 1. 1. 1. 1. 1.]
TcH10,500,310,[1. 1. 1. 1. 1. 1. 1. 1. 1. 1.]

SrH9 ,350,310,[1. 1. 1. 1. 1. 1. 1. 1. 1. 1.]
SrH9 ,400,310,[1. 1. 1. 1. 1. 1. 1. 1. 1. 1.]
SrH9 ,450,310,[1. 1. 1. 1. 1. 1. 1. 1. 1. 1.]
SrH10,350,310,[1. 1. 1. 1. 1. 1. 1. 1. 1. 1.]
SrH10,400,310,[1. 1. 1. 1. 1. 1. 1. 1. 1. 1.]
SrH10,450,310,[1. 1. 1. 1. 1. 1. 1. 1. 1. 1.]
SrH10,500,310,[1. 1. 1. 1. 1. 1. 1. 1. 1. 1.]

RbH9 ,400,310,[1. 1. 1. 1. 1. 1. 1. 1. 1. 1.]
RbH10,350,310,[1. 1. 1. 1. 1. 1. 1. 1. 1. 1.]
RbH10,400,310,[1. 1. 1. 1. 1. 1. 1. 1. 1. 1.]
RbH10,450,310,[1. 1. 1. 1. 1. 1. 1. 1. 1. 1.]
RbH10,500,310,[1. 1. 1. 1. 1. 1. 1. 1. 1. 1.]

ZrH9 ,350,310,[1. 1. 1. 1. 1. 1. 1. 1. 1. 1.]
ZrH9 ,400,310,[1. 1. 1. 1. 1. 1. 1. 1. 1. 1.]
ZrH9 ,450,310,[1. 1. 1. 1. 1. 1. 1. 1. 1. 1.]
ZrH10,500,310,[1. 1. 1. 1. 1. 1. 1. 1. 1. 1.]
ZrH10,450,310,[1. 1. 1. 1. 1. 1. 1. 1. 1. 1.]
ZrH10,400,310,[1. 1. 1. 1. 1. 1. 1. 1. 1. 1.]
ZrH10,350,310,[1. 1. 1. 1. 1. 1. 1. 1. 1. 1.]

CdH9,400,310,[1. 1. 1. 1. 1. 1. 1. 1. 1. 1.]
CdH9,450,310,[1. 1. 1. 1. 1. 1. 1. 1. 1. 1.]
CdH9,500,310,[1. 1. 1. 1. 1. 1. 1. 1. 1. 1.]
InH9,450,310,[1. 1. 1. 1. 1. 1. 1. 1. 1. 1.]
InH10,500,310,[1. 1. 1. 1. 1. 1. 1. 1. 1. 1.]
InH10,450,310,[1. 1. 1. 1. 1. 1. 1. 1. 1. 1.]
InH10,400,310,[1. 1. 1. 1. 1. 1. 1. 1. 1. 1.]
InH9,500,310,[1. 1. 1. 1. 1. 1. 1. 1. 1. 1.]
InH9,400,310,[1. 1. 1. 1. 1. 1. 1. 1. 1. 1.]
SbH9,500,310,[1. 1. 1. 1. 1. 1. 1. 1. 1. 1.]
SbH9,450,310,[1. 1. 1. 1. 1. 1. 1. 1. 1. 1.]
MoH10,500,310,[1. 1. 1. 1. 1. 1. 1. 1. 1. 1.]
MoH10,450,310,[1. 1. 1. 1. 1. 1. 1. 1. 1. 1.]
MoH9,350,310,[1. 1. 1. 1. 1. 1. 1. 1. 1. 1.]
MoH9,400,310,[1. 1. 1. 1. 1. 1. 1. 1. 1. 1.]
MoH9,450,310,[1. 1. 1. 1. 1. 1. 1. 1. 1. 1.]
MoH9,500,310,[1. 1. 1. 1. 1. 1. 1. 1. 1. 1.]
MoH10,350,310,[1. 1. 1. 1. 1. 1. 1. 1. 1. 1.]
SbH10,500,310,[1. 1. 1. 1. 1. 1. 1. 1. 1. 1.]
SbH10,450,310,[1. 1. 1. 1. 1. 1. 1. 1. 1. 1.]
MoH10,400,310,[1. 1. 1. 1. 1. 1. 1. 1. 1. 1.]
NbH10,350,310,[1. 1. 1. 1. 1. 1. 1. 1. 1. 1.]
ZnH10,350,310,[1. 1. 1. 1. 1. 1. 1. 1. 1. 1.]
ZnH10,400,310,[1. 1. 1. 1. 1. 1. 1. 1. 1. 1.]
ZnH10,450,310,[1. 1. 1. 1. 1. 1. 1. 1. 1. 1.]
NiH10,500,310,[1. 1. 1. 1. 1. 1. 1. 1. 1. 1.]
ZnH10,500,310,[1. 1. 1. 1. 1. 1. 1. 1. 1. 1.]
NiH10,450,310,[1. 1. 1. 1. 1. 1. 1. 1. 1. 1.]
NbH10,400,310,[1. 1. 1. 1. 1. 1. 1. 1. 1. 1.]
NbH10,450,310,[1. 1. 1. 1. 1. 1. 1. 1. 1. 1.]
NbH10,500,310,[1. 1. 1. 1. 1. 1. 1. 1. 1. 1.]
GaH10,350,310,[1. 1. 1. 1. 1. 1. 1. 1. 1. 1.]
GaH10,400,310,[1. 1. 1. 1. 1. 1. 1. 1. 1. 1.]
GaH10,450,310,[1. 1. 1. 1. 1. 1. 1. 1. 1. 1.]
GaH10,500,310,[1. 1. 1. 1. 1. 1. 1. 1. 1. 1.]
NiH10,400,310,[1. 1. 1. 1. 1. 1. 1. 1. 1. 1.]
NbH9,450,310,[1. 1. 1. 1. 1. 1. 1. 1. 1. 1.]
NbH9,400,310,[1. 1. 1. 1. 1. 1. 1. 1. 1. 1.]
NbH9,350,310,[1. 1. 1. 1. 1. 1. 1. 1. 1. 1.]
